                                                                        
                              544433347  555                            
                           4221111001122111112346                       
                         2110000000112211111111112335                   
                     5322100000000001122100000001111234                 
                    443000000000000112232221100000011113                
                     310000000000122345666554321000011123               
                  55310000000112344456666777887521000011125             
                  2100000001234566666666677777887410000111224           
                 210000000124455565666666777778888520000111214          
                20000000012344555556666667777778777410000111225         
               3100000001233444555556666667777777776310000112225        
              41000000002334445555566666677777887777510000011233        
              200000000133445555666666666777888888776200000012235       
              100000000234444455566666666777767788887410000012225       
             4100000001332100001112455666521100011236610000012224       
             2000000001301233332223455566445445566643620110011124       
            62000000002334333221122455677764333456787731311011244       
            51000000013432111111112356788641101232357841111011137       
             300000101433333344333345678876545566776786121101112        
            3100001202434444444444445678888776666677787241001113        
             100000212444455555444345788888777777788887241000103        
            3100000112444455555443446788888766767788896331001112        
           21000000122444445554433456788887765667778886741001322        
          510000000011443444444445456688897776566777884410002525        
           2100000000134344444444324678557787766677787210001225         
            31000000002444433333200124333467777667779410000253          
             3000000001334421122112222353356544567777200001256          
             20000000001334333222222344445455455776721000001125         
            41210110000013344443233323455678876777731000110124          
             542244100000133444443344456777777778721000000122           
               5  31000000234444443212456777778864100001112535          
                 3100000000134444432124566677763462001113125            
                 3210000001102223344455564566425872001452126            
                   31001101221112343345643442478772111651444            
                    4222212233211011112212246877765621324               
                       5033223343333333345677776679972                  
                       42223333344455566666666678999998                 
                      545433333333344455566777888899999998              
                     5455565555555556677777777888888899888899           
                   545555555566666676777777777888888888888899999        
                 64555555555555566666676777777778888888888888888999     
              7555555555555555556666666777777777888888888887788888888899
           7655555555555555555566666666777778888898888877778888888777888
